7185
7842
7374
7563
7581
8103
6834
7383
7392
8292
273
7384
7890
11721
379
2293
2473
3415
3931
4465
4474
4651
5200
6112
5429
16288
7347
7887
3014
17767
14960
16547
577
2497
6704
18750
88
5386
7889
13908
2026
3235
2476
3736
1837
3424
786
7888
835
6106
1011
6646
7574
13206
2284
4654
824
13396
7430
14367
7862
14151
586
3955
7388
17769
7161
11730
1569
7339
4725
4727
4731
4733
4754
4758
4760
4974
4976
5001
5003
9493
9979
11680
11734
12166
12220
13724
16054
16540
18241
18293
18295
18727
18781
11732
12218
13722
13749
13751
18779
6692
14619
768
6673
815
14125
3229
4942
7824
8157
1846
2695
2278
2467
2044
3964
91
2470
1546
5395
6695
18993
2458
3007
13154
13973
1785
7555
1099
3649
6686
17535
2340
10729
39
6682
2449
3979
1029
2275
5383
7861
451
3820
1004
4062
6985
13936
433
3091
7320
7401
13253
14621
1290
8642
8644
8645
14412
16599
1819
2209
7583
14664
13235
13892
4995
4997
16594
1108
3406
13241
15350
6354
8908
14204
16043
8619
11739
3333
4071
6967
8443
7590
7608
7817
7860
8589
13260
1013
2709
6677
8893
13207
18264
833
6158
14854
804
8617
13277
17294
3342
8294
8425
13953
2773
3952
5192
18502
7865
18525
4732
5119
1810
2938
7917
12207
2606
2755
3223
6671
13537
16077
6602
13242
1047
8590
622
3469
6759
8949
4509
5915
10006
16333
743
1254
6126
6700
12499
13477
7919
18768
3930
6674
11035
13745
13890
16592
325
1002
1297
2530
3172
3193
3217
3898
5185
7375
13265
18752
3984
3986
7190
11197
17758
18777
13397
13946
3907
3988
6672
7329
1983
3205
3727
3939
6718
8621
12191
12493
13263
18300
9977
13500
1117
1828
2677
3008
3667
3734
5933
6683
7833
7914
13161
15580
17062
18514
795
6693
7159
8618
12432
13926
13937
14126
3013
4645
7376
7394
14124
14853
397
4144
7851
8643
1731
2615
4759
5605
6701
7393
13481
14376
14995
18239
6164
18493
388
415
1873
2605
2614
2686
3023
5210
7565
13935
19225
19231
100
2494
2764
3752
3928
8105
14142
19243
1058
7304
13476
14098
352
2613
2929
3743
7892
8434
17785
18282
977
1315
1787
3946
4653
8591
8640
8845
10038
10976
12164
13245
14116
14144
14169
14179
14183
14666
18473
4484
16081
1283
3733
3828
4896
5392
6360
7412
8470
8899
11095
13152
13747
15838
3017
3265
6076
7728
7730
7742
11829
16932
17038
18390
275
595
1020
1245
2440
2464
2512
2518
2521
2932
2983
3169
3255
3256
3257
3681
4618
4726
5194
5356
7011
7254
7429
7916
8104
8469
8712
8875
10380
10382
10389
10391
10434
10436
10443
10445
11179
13262
13572
13815
13945
14378
14394
15030
17740
570
2782
2809
2980
3184
3466
6157
7245
7600
7601
8976
13256
13692
18995
48
434
1081
1090
1891
2191
2920
3100
4073
6699
7385
7572
7815
8140
13395
14234
14342
15004
16213
5382
5435
6696
8646
8836
10002
11678
12225
13172
13479
14702
18475
129
1040
1272
2538
2540
2544
2546
2565
2567
2571
2573
4948
5416
6591
7188
7410
7915
8059
8648
9487
9518
9973
11674
12160
12216
13230
13693
13694
14162
14237
14933
16048
16061
16534
18235
18716
18721
18786
30
516
1263
2539
2545
2566
2572
2761
2926
3412
4668
5113
5410
5599
6117
7411
7438
8158
8613
9552
12490
13574
16943
759
777
797
1112
1488
1497
1558
1839
1974
3081
3937
3993
3995
6691
7402
7420
7428
7447
7448
7723
7798
7806
8131
8150
8159
12655
13720
14341
14385
14628
15096
19216
2838
4649
4705
5191
5362
5380
7338
7421
7433
7473
7759
8130
8133
8151
8160
8162
8177
8454
10004
11712
12198
12441
13257
13948
14610
15114
18741
18759
381
1992
2770
4681
7419
7556
7789
8049
8176
9527
13502
14688
14726
14907
15845
16538
912
2297
5511
6593
6611
6702
6836
7001
7079
7422
7702
8067
8127
8132
8148
8455
9482
9525
12189
12423
13640
13899
13944
13971
13998
14000
14202
14700
16075
18399
370
568
817
820
1126
1549
1783
1792
1801
1855
2269
2287
2314
2452
2461
2479
2482
3016
3166
3181
3196
3202
3211
3226
3658
3682
3742
3745
3910
3916
3922
3925
3934
4135
4153
4456
4462
4663
5203
5377
5389
5428
5914
5923
6996
7464
7790
9545
10031
13503
13716
13743
14099
14180
138
628
826
2224
2305
2332
2710
3021
3499
3750
3985
4482
4636
4648
4672
5656
6698
6716
7155
7182
7425
7427
7816
8165
9520
9543
9993
10029
12664
12682
13232
13268
15836
15843
16079
16554
16563
17292
1179
2295
2306
2313
2315
2323
2324
2331
2341
2342
2466
2712
2849
3012
3191
3234
3439
3472
3578
3741
4168
4996
5398
5920
6111
6669
6680
6684
6706
6707
6722
6999
7184
7413
7436
7442
7449
7455
7725
7740
8135
8142
8153
8457
8587
8839
8854
9271
9491
9500
9514
9516
9968
9986
10243
10371
10372
10965
10974
10983
11206
11224
11838
11847
12434
12909
13238
13250
13254
13259
13473
13475
13508
13582
13591
13933
14229
14231
14931
14958
15346
15348
15825
15834
16052
16529
16561
16565
16590
16804
16808
17290
18012
18266
18273
18725
19002
19479
111
7330
3978
3980
9010
15571
3994
6094
4968
9547
1598
5160
7891
3264
3266
12637
19198
7158
7356
3164
14176
2505
8596
5178
8620
600
602
627
629
11731
18292
18778
4752
1784
16303
2431
3250
5201
17773
329
3218
14107
14419
1061
18472
601
5170
6357
6721
358
5116
623
16591
189
432
675
1647
1890
2214
2457
2700
3672
3915
4158
4401
4644
4887
5859
6102
6345
6750
6993
7236
8208
8451
8694
9568
9574
9577
9583
9595
9601
9604
9610
9622
9628
9631
9637
9651
9652
9653
9660
9661
9662
9678
9679
9680
9687
9688
9689
9705
9706
9707
9714
13311
13554
13797
15012
3746
17056
7163
18291
3259
3889
2485
3493
5628
6703
8141
13170
13208
14135
153
10732
2496
2498
7138
13699
7698
829
1544
1733
3919
13954
14143
7331
13233
5169
7162
1038
7132
2961
4529
17296
2500
2620
3088
4951
8156
16572
7157
16104
1110
2930
7780
13474
1281
1841
7186
14359
5190
5664
8647
11941
207
450
693
1665
1908
2151
2232
2475
2718
3690
3933
4176
4419
4662
4905
5877
6120
6363
10297
10303
10306
10312
10324
10330
10333
10339
10351
10357
10360
10366
10381
10390
10408
10417
10435
10444
2228
13240
3965
15166
1022
2487
7867
8403
12171
14665
137
16564
3225
7129
2939
14932
10033
2921
14203
203
86
14134
7131
7599
5117
13480
331
4975
5173
5359
7439
13638
5195
15586
16306
6647
14133
57
300
543
1515
2001
7879
7880
7897
7907
7924
7925
7933
8319
13422
3954
7147
19497
2847
3810
3956
7030
7623
7632
7741
10452
13708
732
750
975
986
993
1218
1461
1947
3963
4782
5025
5268
6240
6483
7050
7212
7293
7311
7536
7554
7617
7618
7619
7620
7622
7626
7629
7637
7643
7644
7645
7646
7650
7654
7655
7659
7661
7662
7663
7665
7667
7671
7672
7673
7674
7677
7682
7686
7688
7690
7691
7692
7711
7716
7718
7720
7729
7736
7738
7765
7770
7772
7774
7779
7797
8265
8346
8347
8348
8372
8373
8374
8375
8378
8400
8401
8402
8427
8605
8670
8751
10695
10938
11910
12153
12639
13450
13530
13854
13872
14097
14115
14340
14358
14745
14988
15231
15312
15798
16041
16059
16770
17499
17985
18246
18471
19443
3416
13501
7649
18228
4064
6762
6768
8226
10407
10409
10416
10418
13329
13546
1056
7537
7647
8370
8376
9498
11667
11685
12693
2527
3033
4627
7727
8776
14016
32
50
113
122
131
518
842
851
860
1229
1571
1580
1589
13153
13162
13171
13504
13882
13891
13900
13972
13999
14611
14620
14629
14701
140
3728
14377
16327
334
1055
1802
2443
7668
9966
16285
17032
120
3092
4706
6601
8154
10011
13555
18484
5421
8593
4307
7710
7712
7764
7766
7775
8351
11343
11586
13451
13600
14108
17904
18147
18489
19362
19605
894
3924
4167
7670
7676
7726
8399
8405
8848
8902
16527
16545
18714
18732
1162
3082
5655
7189
7340
7935
12450
13955
14691
14855
878
7160
7187
13283
13639
13917
14403
19481
13324
1060
3432
5350
5396
7426
7631
7640
7641
9480
14668
2471
5171
13163
13213
13244
13723
15273
849
1793
5002
5286
5637
5659
6592
7625
7737
8161
8453
8458
12558
15555
15574
16221
12920
13281
6675
11703
2223
8866
13997
15827
144
2593
2602
2608
2611
2617
3331
3337
3346
4060
4066
4069
4075
4780
4789
4798
5199
5515
6238
6247
6256
7700
9274
11212
14259
110
5353
5387
5434
13210
16078
2294
13247
14177
16286
17537
19234
141
159
1623
1866
2109
3447
4489
5146
5889
6375
7708
7717
7735
7744
7762
7771
7882
7895
7904
7922
7931
10342
12190
12919
15366
15852
16824
17310
361
2200
2536
3227
4174
4528
6085
13690
14261
1137
3204
5871
6694
7699
10288
2507
2676
2919
2937
3162
3180
3405
3418
3423
3648
3891
4134
4620
4753
4863
5106
5124
5349
5367
5592
5610
5921
7615
7621
7624
7630
7642
7648
7651
7669
7675
7678
7684
7687
8344
8350
8371
8377
8397
8398
8404
9984
14694
15157
114
116
119
123
125
134
143
161
2604
3042
3099
6976
8452
10975
11704
15349
17536
18265
18751
18994
19480
2352
7732
1049
1220
3101
3502
3943
5403
7133
7365
7864
8616
14160
14233
15013
2337
2781
2783
2808
2810
5351
5513
9541
10027
11458
14182
14263
16102
16588
327
452
1144
2596
3175
4699
5376
7378
7547
16942
13506
2035
2506
5204
5378
5646
6690
7918
8058
13939
17044
2714
3737
3751
5924
6121
6681
13267
13325
15598
15604
4520
3195
3438
3920
8830
8884
13951
1909
2322
2595
3829
3938
4415
5184
5202
5594
5913
6609
7077
7403
7437
7705
7799
8139
8471
9754
9772
10000
10483
11705
13236
13246
13881
14161
14236
14680
14961
16950
848
1577
3022
3236
3445
4510
6103
15148
15340
15358
2957
3006
3443
3686
3830
3921
4172
5144
5360
5630
5873
9019
10013
11764
13231
13237
13249
13255
13258
13264
13276
13282
13453
13454
13718
14117
14715
14909
15031
16106
18482
6645
155
3498
3500
3684
5142
5625
6676
6688
7415
8890
11233
13949
14986
17293
17526
17771
17794
132
995
1064
2276
2285
2556
2558
2562
2564
2583
2585
2589
2591
2762
2984
4404
4416
4650
5412
5874
6108
7135
7414
7424
10216
10702
11068
11770
12403
12433
12889
13717
14908
15556
16777
17263
17776
18505
18532
18964
18984
19450
903
1306
1506
2488
5151
5862
5880
6348
6366
6997
7406
7423
7450
8134
8144
8149
8152
8179
11041
13478
13865
13958
16284
17544
19229
442
2362
2716
4519
5391
6107
8180
10294
11912
13556
13957
14181
16214
19488
864
1593
2320
3892
5209
5869
6109
6689
6998
7002
7445
7446
8535
8922
9994
10012
14025
16806
17283
136
151
154
271
277
280
289
328
571
625
811
982
985
988
1006
1009
1015
1018
1024
1036
1039
1042
1051
1054
1282
1566
1572
1729
1735
1738
1747
1765
1840
2230
2272
2281
2290
2515
2713
2758
2776
2963
3010
3019
3163
3173
3182
3190
3197
3206
3508
3673
3730
3739
3748
3926
4171
4459
4492
4702
4890
4900
4945
4970
5143
5188
5197
5206
5414
5427
5917
6130
6160
6403
6912
6914
6939
6945
6995
7013
7166
7193
7202
7431
7440
7441
7451
7538
7722
7781
7826
8456
9526
9642
9644
9975
9995
11451
11713
12155
12162
12180
13447
13696
13874
13986
14034
14178
14232
14235
14283
14718
14905
14912
14936
15391
15409
15861
16108
16212
16849
16941
17319
18491
19470
7731
8913
108
135
146
596
621
2311
2321
2348
3090
3726
3940
4411
4502
5277
5388
5394
5657
5932
6705
6994
7000
8107
8615
9273
9517
9766
10003
10030
10733
11023
11050
11077
13275
13750
15835
16105
16113
16810
18991
128
594
1602
2226
2301
2302
2303
2304
2328
2330
2333
2517
2519
2526
2528
2535
2537
2721
2955
3441
3732
3819
3958
4511
4960
5140
5193
5385
5433
5619
5922
6105
6649
6670
6679
6697
7012
7396
7432
7434
8164
8785
9025
9043
9264
9283
10477
11188
11701
11914
11917
11953
12187
12646
15832
16567
16807
17749
18262
18478
19207
27
36
45
84
270
279
288
294
353
357
359
360
362
369
371
378
380
384
386
387
389
396
398
462
513
522
531
770
774
813
818
822
827
831
836
1008
1017
1080
1082
1089
1091
1095
1097
1098
1100
1107
1109
1113
1115
1116
1118
1122
1124
1125
1127
1131
1133
1251
1256
1485
1499
1500
1503
1542
1596
1728
1737
1743
1746
1752
1809
1811
1818
1820
1827
1829
1836
1838
1845
1847
1854
1856
1862
1971
1980
1986
1989
2033
2244
2273
2280
2282
2289
2291
2298
2376
2394
2462
2469
2478
2480
2514
2516
2523
2525
2532
2534
2541
2543
2568
2570
2619
2621
2703
2730
2739
2757
2759
2766
2768
2769
2771
2775
2777
2787
2788
2789
2814
2815
2816
2862
2982
2991
3009
3011
3018
3020
3083
3189
3198
3200
3207
3209
3216
3238
3252
3254
3261
3263
3281
3407
3425
3468
3470
3477
3495
3497
3504
3576
3702
3729
3731
3738
3740
3747
3749
3821
3834
3918
3927
3929
3936
3945
3981
3983
3990
3992
4170
4173
4188
4224
4226
4305
4410
4413
4422
4458
4460
4488
4490
4508
4516
4517
4527
4563
4581
4647
4701
4703
4806
4824
4944
4946
5167
5187
5189
5196
5198
5205
5207
5430
5432
5632
5653
5916
5918
6159
6161
6400
6404
6588
6597
6603
6606
6643
6652
6661
6685
6714
6715
6720
6765
6780
6805
6814
6823
6831
6832
6835
6838
6840
6841
6849
6850
6855
6859
6868
6877
7021
7039
7074
7083
7092
7156
7183
7192
7266
7300
7327
7372
7379
7387
7390
7397
7435
7444
7540
7543
7549
7558
7564
7567
7569
7573
7576
7578
7579
7582
7585
7597
7603
7612
7724
7786
7812
7825
7858
7876
7893
7894
7902
7903
7920
7921
7929
7930
7950
7974
7977
8004
8046
8060
8061
8064
8101
8110
8119
8143
8163
8178
8263
8272
8281
8289
8290
8293
8296
8298
8299
8307
8308
8313
8317
8326
8459
8532
8541
8550
8594
8641
8752
8770
8775
8784
8793
8805
8829
8831
8832
8833
8834
8835
8837
8838
8840
8841
8842
8843
8844
8846
8847
8849
8850
8851
8852
8853
8855
8856
8858
8865
8867
8868
8869
8870
8871
8872
8873
8874
8876
8883
8885
8886
8887
8888
8889
8891
8892
8894
8895
8896
8897
8898
8900
8903
8904
8905
8906
8907
8909
8937
8946
8952
8955
8967
9018
9027
9036
9238
9247
9256
9261
9270
9275
9279
9282
9291
9481
9499
9513
9515
9522
9524
9567
9569
9570
9571
9572
9573
9575
9576
9578
9579
9580
9581
9582
9584
9594
9596
9597
9598
9599
9600
9602
9603
9605
9606
9607
9608
9609
9611
9621
9623
9624
9625
9626
9627
9629
9630
9632
9633
9634
9635
9636
9638
9649
9655
9675
9676
9677
9681
9683
9691
9702
9703
9704
9709
9758
9765
9767
9967
9976
9985
10008
10210
10219
10228
10233
10242
10244
10251
10263
10290
10291
10292
10293
10295
10296
10298
10299
10300
10301
10302
10304
10305
10307
10308
10309
10310
10311
10313
10314
10316
10318
10323
10325
10326
10327
10328
10329
10331
10332
10334
10335
10336
10337
10338
10340
10341
10343
10350
10352
10353
10354
10355
10356
10358
10359
10361
10362
10363
10364
10365
10367
10373
10384
10404
10405
10406
10410
10411
10412
10437
10476
10485
10494
10696
10705
10714
10719
10728
10731
10735
10737
10749
10939
10962
10971
10977
10980
11024
11038
11055
11058
11063
11064
11065
11066
11067
11069
11089
11092
11093
11096
11124
11133
11136
11139
11142
11205
11214
11223
11229
11242
11425
11448
11457
11466
11472
11677
11707
11728
11939
11943
11952
12154
12163
12186
12193
12214
12420
12435
12438
12486
12487
12488
12489
12491
12494
12495
12496
12497
12498
12500
12663
12670
12672
12681
12687
12883
12906
12915
12924
12927
12930
13123
13149
13158
13167
13204
13222
13234
13251
13252
13261
13266
13366
13375
13384
13392
13393
13399
13401
13402
13410
13411
13416
13420
13429
13438
13573
13635
13644
13653
13744
13861
13940
13942
14101
14104
14110
14119
14128
14130
14131
14137
14139
14140
14146
14158
14164
14173
14230
14284
14285
14288
14301
14347
14373
14607
14622
14625
14662
14669
14671
14824
14833
14842
14850
14851
14857
14859
14860
14868
14869
14874
14878
14887
14959
15093
15102
15108
15111
15313
15322
15331
15336
15345
15354
15390
15417
15435
15498
15516
15579
15588
15597
15799
15808
15817
15822
15831
15840
15984
16042
16051
16060
16074
16083
16203
16205
16210
16317
16328
16528
16537
16546
16560
16569
16771
16780
16789
16794
16803
16809
16812
16848
16850
16857
16875
17037
17046
17055
17061
17257
17266
17275
17280
17289
17298
17500
17518
17523
17532
17541
17703
17766
17770
17775
17784
17790
17803
17986
18009
18018
18027
18189
18238
18268
18289
18408
18498
18499
18500
18504
18510
18513
18518
18543
18715
18724
18733
18747
18754
18775
18981
18996
18997
18999
19224
19227
19228
19233
19242
19248
19444
19467
19476
19482
19485
17029
3987
10468
3989
14386
8460
8931
3846
9781
5670
6399
6401
16360
9799
12217
613
6769
2372
15022
2254
3780
3798
7953
3142
2864
18031
1092
17460
3712
10442
1114
8009
3069
15285
10009
11848
2836
4309
2653
2851
3364
3391
4537
4843
2368
2854
3826
4093
4834
3385
4120
4114
3394
5995
4087
2860
3373
3580
5041
3400
5761
2662
3367
2350
2647
5023
3094
4555
4123
4546
4807
4129
3808
4312
4096
4852
2656
3358
5290
6481
4303
3817
2635
2845
4102
4825
5032
6013
6265
3574
6292
6499
4318
5284
5770
6487
2671
6310
4084
5752
2665
3079
4294
3583
2638
6274
3814
2359
2629
5266
5272
5542
3832
2356
2842
4078
6001
6283
3823
5275
3103
3085
3571
5560
3589
5563
6004
6301
3097
4111
2365
3349
3355
5572
5581
6010
6490
2374
4105
4543
2644
5536
4822
5047
5281
5551
5554
5758
6019
6271
6280
5029
4300
5569
4816
4831
5545
5776
6289
6298
6307
5578
6316
2626
3376
3382
3565
4552
4561
4813
5587
6496
4849
4840
4858
5038
6505
5767
7237
1677
8008
5404
1303
2997
9748
7982
7408
7954
9685
12550
6124
14437
3947
1896
7981
7255
5079
6417
15631
6408
6410
6419
10528
9070
17089
3144
7951
1132
9717
10415
604
705
404
605
4487
8014
16315
5186
15385
4037
7988
117
18013
1564
19161
7500
13894
1610
2444
9719
5468
7239
15826
17442
7959
12901
10899
8788
9715
2133
9716
15255
14769
15339
3873
14799
12553
6571
14581
6322
198
8950
11824
18270
7719
1258
8069
2163
7955
10446
2863
8007
8924
13563
4320
8787
5593
10720
19416
2063
11822
12516
10315
9713
16264
4008
11823
11821
402
9991
15483
7004
15117
7978
2588
9690
16265
8857
1893
13748
16291
2962
2561
6051
7987
3251
5374
3004
3143
13132
7518
10287
2215
3299
9712
6948
1604
9999
4836
15099
6724
16084
51
14623
8408
4152
18201
3203
13456
10440
11812
2217